clusters =
  Columns 1 through 20
     1     1     0     0     1     0     1     1     1     1     0     0     0     1     1     1     1     1     1     1
     0     0     0     0     0     0     0     0     0     0     0     0     1     0     0     0     0     0     0     0
     0     0     0     0     0     0     0     0     0     0     0     1     0     0     0     0     0     0     0     0
     0     0     1     1     0     1     0     0     0     0     0     0     0     0     0     0     0     0     0     0
     0     0     0     0     0     0     0     0     0     0     1     0     0     0     0     0     0     0     0     0
  Columns 21 through 40
     1     0     1     0     0     1     1     1     1     1     0     1     1     1     1     1     1     1     1     1
     0     0     0     1     0     0     0     0     0     0     0     0     0     0     0     0     0     0     0     0
     0     0     0     0     0     0     0     0     0     0     0     0     0     0     0     0     0     0     0     0
     0     1     0     0     1     0     0     0     0     0     1     0     0     0     0     0     0     0     0     0
     0     0     0     0     0     0     0     0     0     0     0     0     0     0     0     0     0     0     0     0
  Columns 41 through 58
     0     1     1     1     1     1     1     0     0     1     1     1     1     1     1     1     0     1
     0     0     0     0     0     0     0     1     1     0     0     0     0     0     0     0     0     0
     0     0     0     0     0     0     0     0     0     0     0     0     0     0     0     0     0     0
     1     0     0     0     0     0     0     0     0     0     0     0     0     0     0     0     1     0
     0     0     0     0     0     0     0     0     0     0     0     0     0     0     0     0     0     0